Rk,Pos,Name,Age,G,PA,AB,R,H,2B,3B,HR,RBI,SB,CS,BB,SO,BA,OBP,SLG,OPS,OPS+,TB,GDP,HBP,SH,SF,IBB
1,C,Chris Iannetta,33,94,338,295,23,62,14,0,7,24,0,0,38,83,.210,.303,.329,.631,75,97,4,2,1,2,0
2,1B,Adam Lind*,32,126,430,401,48,96,17,0,20,58,0,1,26,89,.239,.286,.431,.717,94,173,14,1,0,2,3
3,2B,Robinson Cano*,33,161,715,655,107,195,33,2,39,103,0,1,47,100,.298,.350,.533,.882,138,349,18,8,0,5,8
4,SS,Ketel Marte#,22,119,466,437,55,113,21,2,1,33,11,5,18,84,.259,.287,.323,.610,68,141,10,2,3,6,0
5,3B,Kyle Seager*,28,158,676,597,89,166,36,3,30,99,3,1,69,108,.278,.359,.499,.859,133,298,18,8,0,2,10
6,LF,Nori Aoki*,34,118,467,417,63,118,24,4,4,28,7,9,34,45,.283,.349,.388,.738,104,162,9,9,5,1,0
7,CF,Leonys Martin*,28,143,576,518,72,128,17,3,15,47,24,6,44,149,.247,.306,.378,.684,88,196,10,3,4,7,0
8,RF,Seth Smith*,33,137,438,378,62,94,15,0,16,63,0,0,48,89,.249,.342,.415,.758,108,157,11,8,0,4,1
9,DH,Nelson Cruz,35,155,667,589,96,169,27,1,43,105,2,0,62,159,.287,.360,.555,.915,147,327,15,9,0,7,5
Rk,Pos,Name,Age,G,PA,AB,R,H,2B,3B,HR,RBI,SB,CS,BB,SO,BA,OBP,SLG,OPS,OPS+,TB,GDP,HBP,SH,SF,IBB
10,1B,Dae-ho Lee,34,104,317,292,33,74,9,0,14,49,0,0,20,74,.253,.312,.428,.740,102,125,8,5,0,0,2
11,UT,Franklin Gutierrez,33,98,283,248,33,61,9,0,14,39,1,0,29,85,.246,.329,.452,.780,112,112,6,3,0,3,0
12,SS,Shawn O'Malley#,28,89,232,210,24,48,9,2,2,17,6,2,18,59,.229,.299,.319,.618,71,67,4,3,1,0,0
13,C,Mike Zunino,25,55,192,164,16,34,7,0,12,31,0,0,21,65,.207,.318,.470,.787,113,77,0,6,0,1,0
14,LF,Guillermo Heredia,25,45,107,92,12,23,3,0,1,12,1,1,12,15,.250,.349,.315,.664,86,29,1,2,1,0,0
15,SS,Luis Sardinas#,23,32,77,72,12,13,0,0,2,5,1,1,1,25,.181,.203,.264,.467,27,19,3,1,3,0,0
16,C,Steve Clevenger*,30,22,76,68,7,15,3,0,1,7,0,0,8,14,.221,.303,.309,.611,70,21,3,0,0,0,0
17,OF,Ben Gamel*,24,27,47,40,8,8,2,0,1,5,0,0,5,15,.200,.289,.325,.614,69,13,0,0,2,0,0
18,C,Jesus Sucre,28,9,29,25,4,12,2,0,1,5,0,0,2,5,.480,.552,.680,1.232,238,17,1,2,0,0,0
19,OF,Dan Robertson,30,9,21,19,1,5,1,0,0,1,0,1,1,3,.263,.300,.316,.616,71,6,2,0,1,0,0
20,UT,Stefen Romero,27,9,19,17,1,4,1,0,0,3,0,0,1,4,.235,.263,.294,.557,54,5,0,0,0,1,0
21,UT,Dan Vogelbach*,23,8,13,12,0,1,0,0,0,0,0,0,1,6,.083,.154,.083,.237,-31,1,0,0,0,0,0
22,UT,Mike Freeman*,28,13,13,13,1,5,1,0,0,1,0,0,0,2,.385,.385,.462,.846,132,6,1,0,0,0,0
23,UT,Chris Taylor,25,2,3,3,0,1,0,0,0,0,0,0,0,2,.333,.333,.333,.667,85,1,0,0,0,0,0
Rk,Pos,Name,Age,G,PA,AB,R,H,2B,3B,HR,RBI,SB,CS,BB,SO,BA,OBP,SLG,OPS,OPS+,TB,GDP,HBP,SH,SF,IBB
24,P,Felix Hernandez,30,25,8,6,0,0,0,0,0,0,0,0,0,3,.000,.000,.000,.000,-100,0,0,0,2,0,0
25,P,Wade Miley*,29,19,7,7,1,1,0,0,0,0,0,0,0,1,.143,.143,.143,.286,-21,1,0,0,0,0,0
26,P,James Paxton*,27,20,4,3,0,0,0,0,0,0,0,0,1,3,.000,.250,.000,.250,-21,0,0,0,0,0,0
27,P,Hisashi Iwakuma,35,33,3,2,0,0,0,0,0,0,0,0,0,1,.000,.000,.000,.000,-100,0,0,0,1,0,0
28,P,Joel Peralta,40,26,1,1,0,0,0,0,0,0,0,0,0,0,.000,.000,.000,.000,-100,0,0,0,0,0,0
29,P,Nate Karns,28,22,1,1,0,0,0,0,0,0,0,0,0,0,.000,.000,.000,.000,-100,0,0,0,0,0,0
30,P,Edwin Diaz,22,49,1,1,0,0,0,0,0,0,0,0,0,0,.000,.000,.000,.000,-100,0,0,0,0,0,0
31,P,Nick Vincent,29,60,0,0,0,0,0,0,0,0,0,0,0,0,,,,,,0,0,0,0,0,0
32,P,Vidal Nuno*,28,55,0,0,0,0,0,0,0,0,0,0,0,0,,,,,,0,0,0,0,0,0
33,P,Wade LeBlanc*,31,11,0,,,,,,,,,,,,,,,,,,,,,,
34,P,Tony Zych,25,12,0,,,,,,,,,,,,,,,,,,,,,,
35,P,Joe Wieland,26,1,0,,,,,,,,,,,,,,,,,,,,,,
36,P,Mike Montgomery*,26,32,0,0,0,0,0,0,0,0,0,0,0,0,,,,,,0,0,0,0,0,0
37,P,David Rollins*,26,11,0,0,0,0,0,0,0,0,0,0,0,0,,,,,,0,0,0,0,0,0
38,P,Dan Altavilla,23,15,0,,,,,,,,,,,,,,,,,,,,,,
39,P,Ariel Miranda*,27,11,0,,,,,,,,,,,,,,,,,,,,,,
40,P,Steve Johnson,28,16,0,0,0,0,0,0,0,0,0,0,0,0,,,,,,0,0,0,0,0,0
41,P,Adrian Sampson,24,2,0,,,,,,,,,,,,,,,,,,,,,,
42,P,Steve Cishek,30,62,0,0,0,0,0,0,0,0,0,0,0,0,,,,,,0,0,0,0,0,0
43,P,Cody Martin,26,9,0,0,0,0,0,0,0,0,0,0,0,0,,,,,,0,0,0,0,0,0
44,P,Mayckol Guaipe,25,5,0,,,,,,,,,,,,,,,,,,,,,,
45,P,Tom Wilhelmsen,32,29,0,0,0,0,0,0,0,0,0,0,0,0,,,,,,0,0,0,0,0,0
46,P,Drew Storen#,28,19,0,0,0,0,0,0,0,0,0,0,0,0,,,,,,0,0,0,0,0,0
47,P,Donn Roach,26,4,0,,,,,,,,,,,,,,,,,,,,,,
48,P,Pat Venditte*,31,7,0,,,,,,,,,,,,,,,,,,,,,,
49,P,Jonathan Aro,25,1,0,,,,,,,,,,,,,,,,,,,,,,
50,P,Arquimedes Caminero,29,18,0,,,,,,,,,,,,,,,,,,,,,,
51,P,Blake Parker,31,1,0,,,,,,,,,,,,,,,,,,,,,,
52,P,Taijuan Walker,23,25,0,,,,,,,,,,,,,,,,,,,,,,
53,P,Joaquin Benoit,38,26,0,0,0,0,0,0,0,0,0,0,0,0,,,,,,0,0,0,0,0,0
54,P,Evan Scribner,30,12,0,,,,,,,,,,,,,,,,,,,,,,
,,Team Totals,30.6,162,6227,5583,768,1446,251,17,223,735,56,28,506,1288,.259,.326,.430,.756,106,2400,138,72,24,41,29
,,Rank in 15 AL teams,,,,3,3,4,14,14,2,,12,6,6,9,7,5,5,5,,4,,1,,6,
,,Non-Pitcher Totals,30.6,162,6202,5562,767,1445,251,17,223,735,56,28,505,1280,.260,.327,.431,.759,107,2399,138,72,21,41,29
,,Pitcher Totals,26.6,162,25,21,1,1,0,0,0,0,0,0,1,8,.048,.091,.048,.139,-60,1,0,0,3,0,0
Rk,Pos,Name,Age,G,PA,AB,R,H,2B,3B,HR,RBI,SB,CS,BB,SO,BA,OBP,SLG,OPS,OPS+,TB,GDP,HBP,SH,SF,IBB

* - bats left-handed, # - bats both, else - bats right, ? - unknown; OPS_lg for OPS+ does not include pitchers